id x y z
0 0.57735 0.57735 0.57735
1 0.57735 0.57735 -0.57735
2 0.57735 -0.57735 -0.57735
3 -0.57735 -0.57735 -0.57735
4 -0.57735 -0.57735 0.57735
5 -0.57735 0.57735 0.57735
6 -0.57735 0.57735 -0.57735
7 0.57735 -0.57735 0.57735
8 0 0 -1
9 0 0 1
10 0 1 0
11 0 -1 0
12 -1 0 0
13 1 0 0
14 0 -0.316228 0.948683
15 -0.316228 0 0.948683
16 0 -0.707107 0.707107
17 -0.408248 -0.408248 0.816497
18 -0.707107 0 0.707107
19 0 -0.948683 0.316228
20 -0.408248 -0.816497 0.408248
21 -0.816497 -0.408248 0.408248
22 -0.948683 0 0.316228
23 -0.316228 -0.948683 0
24 -0.707107 -0.707107 0
25 -0.948683 -0.316228 0
26 -0.0990148 -0.0990148 0.990148
27 0 -0.141421 0.989949
28 -0.141421 0 0.989949
29 -0.123091 -0.492366 0.86164
30 0 -0.514496 0.857493
31 -0.235702 -0.235702 0.942809
32 -0.492366 -0.123091 0.86164
33 -0.514496 0 0.857493
34 -0.123091 -0.86164 0.492366
35 0 -0.857493 0.514496
36 -0.272166 -0.680414 0.680414
37 -0.57735 -0.57735 0.57735
38 -0.680414 -0.272166 0.680414
39 -0.86164 -0.123091 0.492366
40 -0.857493 0 0.514496
41 -0.0990148 -0.990148 0.0990148
42 0 -0.989949 0.141421
43 -0.141421 -0.989949 0
44 -0.235702 -0.942809 0.235702
45 -0.492366 -0.86164 0.123091
46 -0.514496 -0.857493 0
47 -0.680414 -0.680414 0.272166
48 -0.86164 -0.492366 0.123091
49 -0.857493 -0.514496 0
50 -0.942809 -0.235702 0.235702
51 -0.990148 -0.0990148 0.0990148
52 -0.989949 -0.141421 0
53 -0.989949 0 0.141421
54 0 0.316228 0.948683
55 0 0.707107 0.707107
56 -0.408248 0.408248 0.816497
57 0 0.948683 0.316228
58 -0.408248 0.816497 0.408248
59 -0.816497 0.408248 0.408248
60 -0.316228 0.948683 0
61 -0.707107 0.707107 0
62 -0.948683 0.316228 0
63 -0.0990148 0.0990148 0.990148
64 0 0.141421 0.989949
65 -0.123091 0.492366 0.86164
66 0 0.514496 0.857493
67 -0.235702 0.235702 0.942809
68 -0.492366 0.123091 0.86164
69 -0.123091 0.86164 0.492366
70 0 0.857493 0.514496
71 -0.272166 0.680414 0.680414
72 -0.57735 0.57735 0.57735
73 -0.680414 0.272166 0.680414
74 -0.86164 0.123091 0.492366
75 -0.0990148 0.990148 0.0990148
76 0 0.989949 0.141421
77 -0.141421 0.989949 0
78 -0.235702 0.942809 0.235702
79 -0.492366 0.86164 0.123091
80 -0.514496 0.857493 0
81 -0.680414 0.680414 0.272166
82 -0.86164 0.492366 0.123091
83 -0.857493 0.514496 0
84 -0.942809 0.235702 0.235702
85 -0.990148 0.0990148 0.0990148
86 -0.989949 0.141421 0
87 0.316228 0 0.948683
88 0.408248 0.408248 0.816497
89 0.707107 0 0.707107
90 0.408248 0.816497 0.408248
91 0.816497 0.408248 0.408248
92 0.948683 0 0.316228
93 0.316228 0.948683 0
94 0.707107 0.707107 0
95 0.948683 0.316228 0
96 0.0990148 0.0990148 0.990148
97 0.141421 0 0.989949
98 0.123091 0.492366 0.86164
99 0.235702 0.235702 0.942809
100 0.492366 0.123091 0.86164
101 0.514496 0 0.857493
102 0.123091 0.86164 0.492366
103 0.272166 0.680414 0.680414
104 0.57735 0.57735 0.57735
105 0.680414 0.272166 0.680414
106 0.86164 0.123091 0.492366
107 0.857493 0 0.514496
108 0.0990148 0.990148 0.0990148
109 0.141421 0.989949 0
110 0.235702 0.942809 0.235702
111 0.492366 0.86164 0.123091
112 0.514496 0.857493 0
113 0.680414 0.680414 0.272166
114 0.86164 0.492366 0.123091
115 0.857493 0.514496 0
116 0.942809 0.235702 0.235702
117 0.990148 0.0990148 0.0990148
118 0.989949 0.141421 0
119 0.989949 0 0.141421
120 0.408248 -0.408248 0.816497
121 0.408248 -0.816497 0.408248
122 0.816497 -0.408248 0.408248
123 0.316228 -0.948683 0
124 0.707107 -0.707107 0
125 0.948683 -0.316228 0
126 0.0990148 -0.0990148 0.990148
127 0.123091 -0.492366 0.86164
128 0.235702 -0.235702 0.942809
129 0.492366 -0.123091 0.86164
130 0.123091 -0.86164 0.492366
131 0.272166 -0.680414 0.680414
132 0.57735 -0.57735 0.57735
133 0.680414 -0.272166 0.680414
134 0.86164 -0.123091 0.492366
135 0.0990148 -0.990148 0.0990148
136 0.141421 -0.989949 0
137 0.235702 -0.942809 0.235702
138 0.492366 -0.86164 0.123091
139 0.514496 -0.857493 0
140 0.680414 -0.680414 0.272166
141 0.86164 -0.492366 0.123091
142 0.857493 -0.514496 0
143 0.942809 -0.235702 0.235702
144 0.990148 -0.0990148 0.0990148
145 0.989949 -0.141421 0
146 0 -0.316228 -0.948683
147 -0.316228 0 -0.948683
148 0 -0.707107 -0.707107
149 -0.408248 -0.408248 -0.816497
150 -0.707107 0 -0.707107
151 0 -0.948683 -0.316228
152 -0.408248 -0.816497 -0.408248
153 -0.816497 -0.408248 -0.408248
154 -0.948683 0 -0.316228
155 -0.0990148 -0.0990148 -0.990148
156 0 -0.141421 -0.989949
157 -0.141421 0 -0.989949
158 -0.123091 -0.492366 -0.86164
159 0 -0.514496 -0.857493
160 -0.235702 -0.235702 -0.942809
161 -0.492366 -0.123091 -0.86164
162 -0.514496 0 -0.857493
163 -0.123091 -0.86164 -0.492366
164 0 -0.857493 -0.514496
165 -0.272166 -0.680414 -0.680414
166 -0.57735 -0.57735 -0.57735
167 -0.680414 -0.272166 -0.680414
168 -0.86164 -0.123091 -0.492366
169 -0.857493 0 -0.514496
170 -0.0990148 -0.990148 -0.0990148
171 0 -0.989949 -0.141421
172 -0.235702 -0.942809 -0.235702
173 -0.492366 -0.86164 -0.123091
174 -0.680414 -0.680414 -0.272166
175 -0.86164 -0.492366 -0.123091
176 -0.942809 -0.235702 -0.235702
177 -0.990148 -0.0990148 -0.0990148
178 -0.989949 0 -0.141421
179 0 0.316228 -0.948683
180 0 0.707107 -0.707107
181 -0.408248 0.408248 -0.816497
182 0 0.948683 -0.316228
183 -0.408248 0.816497 -0.408248
184 -0.816497 0.408248 -0.408248
185 -0.0990148 0.0990148 -0.990148
186 0 0.141421 -0.989949
187 -0.123091 0.492366 -0.86164
188 0 0.514496 -0.857493
189 -0.235702 0.235702 -0.942809
190 -0.492366 0.123091 -0.86164
191 -0.123091 0.86164 -0.492366
192 0 0.857493 -0.514496
193 -0.272166 0.680414 -0.680414
194 -0.57735 0.57735 -0.57735
195 -0.680414 0.272166 -0.680414
196 -0.86164 0.123091 -0.492366
197 -0.0990148 0.990148 -0.0990148
198 0 0.989949 -0.141421
199 -0.235702 0.942809 -0.235702
200 -0.492366 0.86164 -0.123091
201 -0.680414 0.680414 -0.272166
202 -0.86164 0.492366 -0.123091
203 -0.942809 0.235702 -0.235702
204 -0.990148 0.0990148 -0.0990148
205 0.316228 0 -0.948683
206 0.408248 0.408248 -0.816497
207 0.707107 0 -0.707107
208 0.408248 0.816497 -0.408248
209 0.816497 0.408248 -0.408248
210 0.948683 0 -0.316228
211 0.0990148 0.0990148 -0.990148
212 0.141421 0 -0.989949
213 0.123091 0.492366 -0.86164
214 0.235702 0.235702 -0.942809
215 0.492366 0.123091 -0.86164
216 0.514496 0 -0.857493
217 0.123091 0.86164 -0.492366
218 0.272166 0.680414 -0.680414
219 0.57735 0.57735 -0.57735
220 0.680414 0.272166 -0.680414
221 0.86164 0.123091 -0.492366
222 0.857493 0 -0.514496
223 0.0990148 0.990148 -0.0990148
224 0.235702 0.942809 -0.235702
225 0.492366 0.86164 -0.123091
226 0.680414 0.680414 -0.272166
227 0.86164 0.492366 -0.123091
228 0.942809 0.235702 -0.235702
229 0.990148 0.0990148 -0.0990148
230 0.989949 0 -0.141421
231 0.408248 -0.408248 -0.816497
232 0.408248 -0.816497 -0.408248
233 0.816497 -0.408248 -0.408248
234 0.0990148 -0.0990148 -0.990148
235 0.123091 -0.492366 -0.86164
236 0.235702 -0.235702 -0.942809
237 0.492366 -0.123091 -0.86164
238 0.123091 -0.86164 -0.492366
239 0.272166 -0.680414 -0.680414
240 0.57735 -0.57735 -0.57735
241 0.680414 -0.272166 -0.680414
242 0.86164 -0.123091 -0.492366
243 0.0990148 -0.990148 -0.0990148
244 0.235702 -0.942809 -0.235702
245 0.492366 -0.86164 -0.123091
246 0.680414 -0.680414 -0.272166
247 0.86164 -0.492366 -0.123091
248 0.942809 -0.235702 -0.235702
249 0.990148 -0.0990148 -0.0990148
250 -0.0330996 -0.0803753 0.996215
251 -0.0331946 -0.186621 0.981871
252 -0.0803753 -0.0330996 0.996215
253 -0.186621 -0.0331946 0.981871
254 -0.0412999 -0.443926 0.895111
255 -0.0414014 -0.576487 0.816057
256 -0.11258 -0.218941 0.969222
257 -0.218941 -0.11258 0.969222
258 -0.120956 -0.352052 0.928132
259 -0.259323 -0.384169 0.886096
260 -0.352052 -0.120956 0.928132
261 -0.384169 -0.259323 0.886096
262 -0.443926 -0.0412999 0.895111
263 -0.576487 -0.0414014 0.816057
264 -0.0414014 -0.816057 0.576487
265 -0.0412999 -0.895111 0.443926
266 -0.133629 -0.635557 0.760402
267 -0.272288 -0.535771 0.799255
268 -0.133629 -0.760402 0.635557
269 -0.272288 -0.799255 0.535771
270 -0.427403 -0.56613 0.704857
271 -0.427403 -0.704857 0.56613
272 -0.535771 -0.272288 0.799255
273 -0.635557 -0.133629 0.760402
274 -0.56613 -0.427403 0.704857
275 -0.704857 -0.427403 0.56613
276 -0.760402 -0.133629 0.635557
277 -0.799255 -0.272288 0.535771
278 -0.816057 -0.0414014 0.576487
279 -0.895111 -0.0412999 0.443926
280 -0.0331946 -0.981871 0.186621
281 -0.0330996 -0.996215 0.0803753
282 -0.0803753 -0.996215 0.0330996
283 -0.186621 -0.981871 0.0331946
284 -0.120956 -0.928132 0.352052
285 -0.259323 -0.886096 0.384169
286 -0.11258 -0.969222 0.218941
287 -0.218941 -0.969222 0.11258
288 -0.384169 -0.886096 0.259323
289 -0.352052 -0.928132 0.120956
290 -0.443926 -0.895111 0.0412999
291 -0.576487 -0.816057 0.0414014
292 -0.56613 -0.704857 0.427403
293 -0.704857 -0.56613 0.427403
294 -0.535771 -0.799255 0.272288
295 -0.635557 -0.760402 0.133629
296 -0.799255 -0.535771 0.272288
297 -0.760402 -0.635557 0.133629
298 -0.816057 -0.576487 0.0414014
299 -0.895111 -0.443926 0.0412999
300 -0.886096 -0.259323 0.384169
301 -0.928132 -0.120956 0.352052
302 -0.886096 -0.384169 0.259323
303 -0.928132 -0.352052 0.120956
304 -0.969222 -0.11258 0.218941
305 -0.969222 -0.218941 0.11258
306 -0.981871 -0.186621 0.0331946
307 -0.996215 -0.0803753 0.0330996
308 -0.981871 -0.0331946 0.186621
309 -0.996215 -0.0330996 0.0803753
310 -0.0330996 0.0803753 0.996215
311 -0.0331946 0.186621 0.981871
312 -0.0803753 0.0330996 0.996215
313 -0.186621 0.0331946 0.981871
314 -0.0412999 0.443926 0.895111
315 -0.0414014 0.576487 0.816057
316 -0.11258 0.218941 0.969222
317 -0.218941 0.11258 0.969222
318 -0.120956 0.352052 0.928132
319 -0.259323 0.384169 0.886096
320 -0.352052 0.120956 0.928132
321 -0.384169 0.259323 0.886096
322 -0.443926 0.0412999 0.895111
323 -0.576487 0.0414014 0.816057
324 -0.0414014 0.816057 0.576487
325 -0.0412999 0.895111 0.443926
326 -0.133629 0.635557 0.760402
327 -0.272288 0.535771 0.799255
328 -0.133629 0.760402 0.635557
329 -0.272288 0.799255 0.535771
330 -0.427403 0.56613 0.704857
331 -0.427403 0.704857 0.56613
332 -0.535771 0.272288 0.799255
333 -0.635557 0.133629 0.760402
334 -0.56613 0.427403 0.704857
335 -0.704857 0.427403 0.56613
336 -0.760402 0.133629 0.635557
337 -0.799255 0.272288 0.535771
338 -0.816057 0.0414014 0.576487
339 -0.895111 0.0412999 0.443926
340 -0.0331946 0.981871 0.186621
341 -0.0330996 0.996215 0.0803753
342 -0.0803753 0.996215 0.0330996
343 -0.186621 0.981871 0.0331946
344 -0.120956 0.928132 0.352052
345 -0.259323 0.886096 0.384169
346 -0.11258 0.969222 0.218941
347 -0.218941 0.969222 0.11258
348 -0.384169 0.886096 0.259323
349 -0.352052 0.928132 0.120956
350 -0.443926 0.895111 0.0412999
351 -0.576487 0.816057 0.0414014
352 -0.56613 0.704857 0.427403
353 -0.704857 0.56613 0.427403
354 -0.535771 0.799255 0.272288
355 -0.635557 0.760402 0.133629
356 -0.799255 0.535771 0.272288
357 -0.760402 0.635557 0.133629
358 -0.816057 0.576487 0.0414014
359 -0.895111 0.443926 0.0412999
360 -0.886096 0.259323 0.384169
361 -0.928132 0.120956 0.352052
362 -0.886096 0.384169 0.259323
363 -0.928132 0.352052 0.120956
364 -0.969222 0.11258 0.218941
365 -0.969222 0.218941 0.11258
366 -0.981871 0.186621 0.0331946
367 -0.996215 0.0803753 0.0330996
368 -0.981871 0.0331946 0.186621
369 -0.996215 0.0330996 0.0803753
370 0.0330996 0.0803753 0.996215
371 0.0331946 0.186621 0.981871
372 0.0803753 0.0330996 0.996215
373 0.186621 0.0331946 0.981871
374 0.0412999 0.443926 0.895111
375 0.0414014 0.576487 0.816057
376 0.11258 0.218941 0.969222
377 0.218941 0.11258 0.969222
378 0.120956 0.352052 0.928132
379 0.259323 0.384169 0.886096
380 0.352052 0.120956 0.928132
381 0.384169 0.259323 0.886096
382 0.443926 0.0412999 0.895111
383 0.576487 0.0414014 0.816057
384 0.0414014 0.816057 0.576487
385 0.0412999 0.895111 0.443926
386 0.133629 0.635557 0.760402
387 0.272288 0.535771 0.799255
388 0.133629 0.760402 0.635557
389 0.272288 0.799255 0.535771
390 0.427403 0.56613 0.704857
391 0.427403 0.704857 0.56613
392 0.535771 0.272288 0.799255
393 0.635557 0.133629 0.760402
394 0.56613 0.427403 0.704857
395 0.704857 0.427403 0.56613
396 0.760402 0.133629 0.635557
397 0.799255 0.272288 0.535771
398 0.816057 0.0414014 0.576487
399 0.895111 0.0412999 0.443926
400 0.0331946 0.981871 0.186621
401 0.0330996 0.996215 0.0803753
402 0.0803753 0.996215 0.0330996
403 0.186621 0.981871 0.0331946
404 0.120956 0.928132 0.352052
405 0.259323 0.886096 0.384169
406 0.11258 0.969222 0.218941
407 0.218941 0.969222 0.11258
408 0.384169 0.886096 0.259323
409 0.352052 0.928132 0.120956
410 0.443926 0.895111 0.0412999
411 0.576487 0.816057 0.0414014
412 0.56613 0.704857 0.427403
413 0.704857 0.56613 0.427403
414 0.535771 0.799255 0.272288
415 0.635557 0.760402 0.133629
416 0.799255 0.535771 0.272288
417 0.760402 0.635557 0.133629
418 0.816057 0.576487 0.0414014
419 0.895111 0.443926 0.0412999
420 0.886096 0.259323 0.384169
421 0.928132 0.120956 0.352052
422 0.886096 0.384169 0.259323
423 0.928132 0.352052 0.120956
424 0.969222 0.11258 0.218941
425 0.969222 0.218941 0.11258
426 0.981871 0.186621 0.0331946
427 0.996215 0.0803753 0.0330996
428 0.981871 0.0331946 0.186621
429 0.996215 0.0330996 0.0803753
430 0.0330996 -0.0803753 0.996215
431 0.0331946 -0.186621 0.981871
432 0.0803753 -0.0330996 0.996215
433 0.186621 -0.0331946 0.981871
434 0.0412999 -0.443926 0.895111
435 0.0414014 -0.576487 0.816057
436 0.11258 -0.218941 0.969222
437 0.218941 -0.11258 0.969222
438 0.120956 -0.352052 0.928132
439 0.259323 -0.384169 0.886096
440 0.352052 -0.120956 0.928132
441 0.384169 -0.259323 0.886096
442 0.443926 -0.0412999 0.895111
443 0.576487 -0.0414014 0.816057
444 0.0414014 -0.816057 0.576487
445 0.0412999 -0.895111 0.443926
446 0.133629 -0.635557 0.760402
447 0.272288 -0.535771 0.799255
448 0.133629 -0.760402 0.635557
449 0.272288 -0.799255 0.535771
450 0.427403 -0.56613 0.704857
451 0.427403 -0.704857 0.56613
452 0.535771 -0.272288 0.799255
453 0.635557 -0.133629 0.760402
454 0.56613 -0.427403 0.704857
455 0.704857 -0.427403 0.56613
456 0.760402 -0.133629 0.635557
457 0.799255 -0.272288 0.535771
458 0.816057 -0.0414014 0.576487
459 0.895111 -0.0412999 0.443926
460 0.0331946 -0.981871 0.186621
461 0.0330996 -0.996215 0.0803753
462 0.0803753 -0.996215 0.0330996
463 0.186621 -0.981871 0.0331946
464 0.120956 -0.928132 0.352052
465 0.259323 -0.886096 0.384169
466 0.11258 -0.969222 0.218941
467 0.218941 -0.969222 0.11258
468 0.384169 -0.886096 0.259323
469 0.352052 -0.928132 0.120956
470 0.443926 -0.895111 0.0412999
471 0.576487 -0.816057 0.0414014
472 0.56613 -0.704857 0.427403
473 0.704857 -0.56613 0.427403
474 0.535771 -0.799255 0.272288
475 0.635557 -0.760402 0.133629
476 0.799255 -0.535771 0.272288
477 0.760402 -0.635557 0.133629
478 0.816057 -0.576487 0.0414014
479 0.895111 -0.443926 0.0412999
480 0.886096 -0.259323 0.384169
481 0.928132 -0.120956 0.352052
482 0.886096 -0.384169 0.259323
483 0.928132 -0.352052 0.120956
484 0.969222 -0.11258 0.218941
485 0.969222 -0.218941 0.11258
486 0.981871 -0.186621 0.0331946
487 0.996215 -0.0803753 0.0330996
488 0.981871 -0.0331946 0.186621
489 0.996215 -0.0330996 0.0803753
490 -0.0330996 -0.0803753 -0.996215
491 -0.0331946 -0.186621 -0.981871
492 -0.0803753 -0.0330996 -0.996215
493 -0.186621 -0.0331946 -0.981871
494 -0.0412999 -0.443926 -0.895111
495 -0.0414014 -0.576487 -0.816057
496 -0.11258 -0.218941 -0.969222
497 -0.218941 -0.11258 -0.969222
498 -0.120956 -0.352052 -0.928132
499 -0.259323 -0.384169 -0.886096
500 -0.352052 -0.120956 -0.928132
501 -0.384169 -0.259323 -0.886096
502 -0.443926 -0.0412999 -0.895111
503 -0.576487 -0.0414014 -0.816057
504 -0.0414014 -0.816057 -0.576487
505 -0.0412999 -0.895111 -0.443926
506 -0.133629 -0.635557 -0.760402
507 -0.272288 -0.535771 -0.799255
508 -0.133629 -0.760402 -0.635557
509 -0.272288 -0.799255 -0.535771
510 -0.427403 -0.56613 -0.704857
511 -0.427403 -0.704857 -0.56613
512 -0.535771 -0.272288 -0.799255
513 -0.635557 -0.133629 -0.760402
514 -0.56613 -0.427403 -0.704857
515 -0.704857 -0.427403 -0.56613
516 -0.760402 -0.133629 -0.635557
517 -0.799255 -0.272288 -0.535771
518 -0.816057 -0.0414014 -0.576487
519 -0.895111 -0.0412999 -0.443926
520 -0.0331946 -0.981871 -0.186621
521 -0.0330996 -0.996215 -0.0803753
522 -0.0803753 -0.996215 -0.0330996
523 -0.186621 -0.981871 -0.0331946
524 -0.120956 -0.928132 -0.352052
525 -0.259323 -0.886096 -0.384169
526 -0.11258 -0.969222 -0.218941
527 -0.218941 -0.969222 -0.11258
528 -0.384169 -0.886096 -0.259323
529 -0.352052 -0.928132 -0.120956
530 -0.443926 -0.895111 -0.0412999
531 -0.576487 -0.816057 -0.0414014
532 -0.56613 -0.704857 -0.427403
533 -0.704857 -0.56613 -0.427403
534 -0.535771 -0.799255 -0.272288
535 -0.635557 -0.760402 -0.133629
536 -0.799255 -0.535771 -0.272288
537 -0.760402 -0.635557 -0.133629
538 -0.816057 -0.576487 -0.0414014
539 -0.895111 -0.443926 -0.0412999
540 -0.886096 -0.259323 -0.384169
541 -0.928132 -0.120956 -0.352052
542 -0.886096 -0.384169 -0.259323
543 -0.928132 -0.352052 -0.120956
544 -0.969222 -0.11258 -0.218941
545 -0.969222 -0.218941 -0.11258
546 -0.981871 -0.186621 -0.0331946
547 -0.996215 -0.0803753 -0.0330996
548 -0.981871 -0.0331946 -0.186621
549 -0.996215 -0.0330996 -0.0803753
550 -0.0330996 0.0803753 -0.996215
551 -0.0331946 0.186621 -0.981871
552 -0.0803753 0.0330996 -0.996215
553 -0.186621 0.0331946 -0.981871
554 -0.0412999 0.443926 -0.895111
555 -0.0414014 0.576487 -0.816057
556 -0.11258 0.218941 -0.969222
557 -0.218941 0.11258 -0.969222
558 -0.120956 0.352052 -0.928132
559 -0.259323 0.384169 -0.886096
560 -0.352052 0.120956 -0.928132
561 -0.384169 0.259323 -0.886096
562 -0.443926 0.0412999 -0.895111
563 -0.576487 0.0414014 -0.816057
564 -0.0414014 0.816057 -0.576487
565 -0.0412999 0.895111 -0.443926
566 -0.133629 0.635557 -0.760402
567 -0.272288 0.535771 -0.799255
568 -0.133629 0.760402 -0.635557
569 -0.272288 0.799255 -0.535771
570 -0.427403 0.56613 -0.704857
571 -0.427403 0.704857 -0.56613
572 -0.535771 0.272288 -0.799255
573 -0.635557 0.133629 -0.760402
574 -0.56613 0.427403 -0.704857
575 -0.704857 0.427403 -0.56613
576 -0.760402 0.133629 -0.635557
577 -0.799255 0.272288 -0.535771
578 -0.816057 0.0414014 -0.576487
579 -0.895111 0.0412999 -0.443926
580 -0.0331946 0.981871 -0.186621
581 -0.0330996 0.996215 -0.0803753
582 -0.0803753 0.996215 -0.0330996
583 -0.186621 0.981871 -0.0331946
584 -0.120956 0.928132 -0.352052
585 -0.259323 0.886096 -0.384169
586 -0.11258 0.969222 -0.218941
587 -0.218941 0.969222 -0.11258
588 -0.384169 0.886096 -0.259323
589 -0.352052 0.928132 -0.120956
590 -0.443926 0.895111 -0.0412999
591 -0.576487 0.816057 -0.0414014
592 -0.56613 0.704857 -0.427403
593 -0.704857 0.56613 -0.427403
594 -0.535771 0.799255 -0.272288
595 -0.635557 0.760402 -0.133629
596 -0.799255 0.535771 -0.272288
597 -0.760402 0.635557 -0.133629
598 -0.816057 0.576487 -0.0414014
599 -0.895111 0.443926 -0.0412999
600 -0.886096 0.259323 -0.384169
601 -0.928132 0.120956 -0.352052
602 -0.886096 0.384169 -0.259323
603 -0.928132 0.352052 -0.120956
604 -0.969222 0.11258 -0.218941
605 -0.969222 0.218941 -0.11258
606 -0.981871 0.186621 -0.0331946
607 -0.996215 0.0803753 -0.0330996
608 -0.981871 0.0331946 -0.186621
609 -0.996215 0.0330996 -0.0803753
610 0.0330996 0.0803753 -0.996215
611 0.0331946 0.186621 -0.981871
612 0.0803753 0.0330996 -0.996215
613 0.186621 0.0331946 -0.981871
614 0.0412999 0.443926 -0.895111
615 0.0414014 0.576487 -0.816057
616 0.11258 0.218941 -0.969222
617 0.218941 0.11258 -0.969222
618 0.120956 0.352052 -0.928132
619 0.259323 0.384169 -0.886096
620 0.352052 0.120956 -0.928132
621 0.384169 0.259323 -0.886096
622 0.443926 0.0412999 -0.895111
623 0.576487 0.0414014 -0.816057
624 0.0414014 0.816057 -0.576487
625 0.0412999 0.895111 -0.443926
626 0.133629 0.635557 -0.760402
627 0.272288 0.535771 -0.799255
628 0.133629 0.760402 -0.635557
629 0.272288 0.799255 -0.535771
630 0.427403 0.56613 -0.704857
631 0.427403 0.704857 -0.56613
632 0.535771 0.272288 -0.799255
633 0.635557 0.133629 -0.760402
634 0.56613 0.427403 -0.704857
635 0.704857 0.427403 -0.56613
636 0.760402 0.133629 -0.635557
637 0.799255 0.272288 -0.535771
638 0.816057 0.0414014 -0.576487
639 0.895111 0.0412999 -0.443926
640 0.0331946 0.981871 -0.186621
641 0.0330996 0.996215 -0.0803753
642 0.0803753 0.996215 -0.0330996
643 0.186621 0.981871 -0.0331946
644 0.120956 0.928132 -0.352052
645 0.259323 0.886096 -0.384169
646 0.11258 0.969222 -0.218941
647 0.218941 0.969222 -0.11258
648 0.384169 0.886096 -0.259323
649 0.352052 0.928132 -0.120956
650 0.443926 0.895111 -0.0412999
651 0.576487 0.816057 -0.0414014
652 0.56613 0.704857 -0.427403
653 0.704857 0.56613 -0.427403
654 0.535771 0.799255 -0.272288
655 0.635557 0.760402 -0.133629
656 0.799255 0.535771 -0.272288
657 0.760402 0.635557 -0.133629
658 0.816057 0.576487 -0.0414014
659 0.895111 0.443926 -0.0412999
660 0.886096 0.259323 -0.384169
661 0.928132 0.120956 -0.352052
662 0.886096 0.384169 -0.259323
663 0.928132 0.352052 -0.120956
664 0.969222 0.11258 -0.218941
665 0.969222 0.218941 -0.11258
666 0.981871 0.186621 -0.0331946
667 0.996215 0.0803753 -0.0330996
668 0.981871 0.0331946 -0.186621
669 0.996215 0.0330996 -0.0803753
670 0.0330996 -0.0803753 -0.996215
671 0.0331946 -0.186621 -0.981871
672 0.0803753 -0.0330996 -0.996215
673 0.186621 -0.0331946 -0.981871
674 0.0412999 -0.443926 -0.895111
675 0.0414014 -0.576487 -0.816057
676 0.11258 -0.218941 -0.969222
677 0.218941 -0.11258 -0.969222
678 0.120956 -0.352052 -0.928132
679 0.259323 -0.384169 -0.886096
680 0.352052 -0.120956 -0.928132
681 0.384169 -0.259323 -0.886096
682 0.443926 -0.0412999 -0.895111
683 0.576487 -0.0414014 -0.816057
684 0.0414014 -0.816057 -0.576487
685 0.0412999 -0.895111 -0.443926
686 0.133629 -0.635557 -0.760402
687 0.272288 -0.535771 -0.799255
688 0.133629 -0.760402 -0.635557
689 0.272288 -0.799255 -0.535771
690 0.427403 -0.56613 -0.704857
691 0.427403 -0.704857 -0.56613
692 0.535771 -0.272288 -0.799255
693 0.635557 -0.133629 -0.760402
694 0.56613 -0.427403 -0.704857
695 0.704857 -0.427403 -0.56613
696 0.760402 -0.133629 -0.635557
697 0.799255 -0.272288 -0.535771
698 0.816057 -0.0414014 -0.576487
699 0.895111 -0.0412999 -0.443926
700 0.0331946 -0.981871 -0.186621
701 0.0330996 -0.996215 -0.0803753
702 0.0803753 -0.996215 -0.0330996
703 0.186621 -0.981871 -0.0331946
704 0.120956 -0.928132 -0.352052
705 0.259323 -0.886096 -0.384169
706 0.11258 -0.969222 -0.218941
707 0.218941 -0.969222 -0.11258
708 0.384169 -0.886096 -0.259323
709 0.352052 -0.928132 -0.120956
710 0.443926 -0.895111 -0.0412999
711 0.576487 -0.816057 -0.0414014
712 0.56613 -0.704857 -0.427403
713 0.704857 -0.56613 -0.427403
714 0.535771 -0.799255 -0.272288
715 0.635557 -0.760402 -0.133629
716 0.799255 -0.535771 -0.272288
717 0.760402 -0.635557 -0.133629
718 0.816057 -0.576487 -0.0414014
719 0.895111 -0.443926 -0.0412999
720 0.886096 -0.259323 -0.384169
721 0.928132 -0.120956 -0.352052
722 0.886096 -0.384169 -0.259323
723 0.928132 -0.352052 -0.120956
724 0.969222 -0.11258 -0.218941
725 0.969222 -0.218941 -0.11258
726 0.981871 -0.186621 -0.0331946
727 0.996215 -0.0803753 -0.0330996
728 0.981871 -0.0331946 -0.186621
729 0.996215 -0.0330996 -0.0803753
