id numVertices vertices numEdges edges
0 3 0 1 2 3 0 1 2
1 3 0 1 3 3 0 3 4
2 3 0 2 3 3 2 5 4
3 3 1 2 3 3 1 5 3
4 3 0 4 5 3 6 7 8
5 3 4 1 6 3 9 10 11
6 3 4 5 6 3 7 12 11
7 3 5 6 2 3 12 13 14
8 3 0 8 7 3 15 16 17
9 3 8 4 7 3 18 19 16
10 3 0 7 9 3 17 20 21
11 3 9 7 5 3 20 22 23
12 3 4 11 10 3 24 25 26
13 3 11 1 10 3 27 28 25
14 3 10 1 12 3 28 29 30
15 3 10 12 6 3 30 31 32
16 3 7 4 13 3 19 33 34
17 3 7 13 5 3 34 35 22
18 3 4 10 13 3 26 36 33
19 3 13 10 6 3 36 32 37
20 3 5 13 14 3 35 38 39
21 3 13 6 14 3 37 40 38
22 3 14 6 15 3 40 41 42
23 3 14 15 2 3 42 43 44
24 3 5 14 16 3 39 45 46
25 3 16 14 2 3 45 44 47
26 3 0 4 17 3 6 48 49
27 3 4 1 18 3 9 50 51
28 3 4 17 18 3 48 52 51
29 3 17 18 3 3 52 53 54
30 3 0 8 19 3 15 55 56
31 3 8 4 19 3 18 57 55
32 3 0 19 20 3 56 58 59
33 3 20 19 17 3 58 60 61
34 3 4 11 21 3 24 62 63
35 3 11 1 21 3 27 64 62
36 3 21 1 22 3 64 65 66
37 3 21 22 18 3 66 67 68
38 3 19 4 23 3 57 69 70
39 3 19 23 17 3 70 71 60
40 3 4 21 23 3 63 72 69
41 3 23 21 18 3 72 68 73
42 3 17 23 24 3 71 74 75
43 3 23 18 24 3 73 76 74
44 3 24 18 25 3 76 77 78
45 3 24 25 3 3 78 79 80
46 3 17 24 26 3 75 81 82
47 3 26 24 3 3 81 80 83
48 3 0 5 17 3 8 84 49
49 3 5 2 27 3 14 85 86
50 3 5 17 27 3 84 87 86
51 3 17 27 3 3 87 88 54
52 3 0 9 28 3 21 89 90
53 3 9 5 28 3 23 91 89
54 3 0 28 20 3 90 92 59
55 3 20 28 17 3 92 93 61
56 3 5 16 29 3 46 94 95
57 3 16 2 29 3 47 96 94
58 3 29 2 30 3 96 97 98
59 3 29 30 27 3 98 99 100
60 3 28 5 31 3 91 101 102
61 3 28 31 17 3 102 103 93
62 3 5 29 31 3 95 104 101
63 3 31 29 27 3 104 100 105
64 3 17 31 32 3 103 106 107
65 3 31 27 32 3 105 108 106
66 3 32 27 33 3 108 109 110
67 3 32 33 3 3 110 111 112
68 3 17 32 26 3 107 113 82
69 3 26 32 3 3 113 112 83
70 3 1 6 18 3 10 114 50
71 3 6 2 27 3 13 85 115
72 3 6 18 27 3 114 116 115
73 3 18 27 3 3 116 88 53
74 3 1 12 34 3 29 117 118
75 3 12 6 34 3 31 119 117
76 3 1 34 22 3 118 120 65
77 3 22 34 18 3 120 121 67
78 3 6 15 35 3 41 122 123
79 3 15 2 35 3 43 124 122
80 3 35 2 30 3 124 97 125
81 3 35 30 27 3 125 99 126
82 3 34 6 36 3 119 127 128
83 3 34 36 18 3 128 129 121
84 3 6 35 36 3 123 130 127
85 3 36 35 27 3 130 126 131
86 3 18 36 37 3 129 132 133
87 3 36 27 37 3 131 134 132
88 3 37 27 33 3 134 109 135
89 3 37 33 3 3 135 111 136
90 3 18 37 25 3 133 137 77
91 3 25 37 3 3 137 136 79
