id v0 v1
0 2 1
1 1 6
2 6 3
3 3 2
4 7 0
5 0 5
6 5 4
7 4 7
8 5 6
9 1 0
10 7 2
11 3 4
12 9 11
13 11 12
14 12 9
15 9 10
16 10 12
17 10 13
18 13 9
19 11 13
20 8 11
21 12 8
22 8 10
23 13 8
24 9 14
25 14 15
26 15 9
27 14 16
28 16 17
29 17 14
30 15 17
31 17 18
32 18 15
33 16 19
34 19 20
35 20 16
36 17 20
37 20 21
38 21 17
39 18 21
40 21 22
41 22 18
42 19 11
43 11 23
44 23 19
45 20 23
46 23 24
47 24 20
48 21 24
49 24 25
50 25 21
51 22 25
52 25 12
53 12 22
54 9 27
55 27 26
56 26 9
57 27 14
58 14 26
59 26 28
60 28 9
61 26 15
62 15 28
63 14 30
64 30 29
65 29 14
66 30 16
67 16 29
68 14 31
69 31 26
70 31 15
71 29 31
72 29 17
73 17 31
74 31 32
75 32 15
76 17 32
77 32 33
78 33 15
79 32 18
80 18 33
81 16 35
82 35 34
83 34 16
84 35 19
85 19 34
86 16 36
87 36 29
88 36 17
89 34 36
90 34 20
91 20 36
92 36 37
93 37 17
94 20 37
95 17 38
96 38 32
97 38 18
98 37 38
99 37 21
100 21 38
101 38 39
102 39 18
103 21 39
104 39 40
105 40 18
106 39 22
107 22 40
108 19 42
109 42 41
110 41 19
111 42 11
112 11 41
113 11 43
114 43 41
115 43 23
116 23 41
117 19 44
118 44 34
119 44 20
120 41 44
121 23 44
122 44 45
123 45 20
124 23 45
125 23 46
126 46 45
127 46 24
128 24 45
129 20 47
130 47 37
131 47 21
132 45 47
133 24 47
134 47 48
135 48 21
136 24 48
137 24 49
138 49 48
139 49 25
140 25 48
141 21 50
142 50 39
143 50 22
144 48 50
145 25 50
146 50 51
147 51 22
148 25 51
149 25 52
150 52 51
151 52 12
152 12 51
153 51 53
154 53 22
155 12 53
156 9 54
157 54 15
158 54 55
159 55 56
160 56 54
161 15 56
162 56 18
163 55 57
164 57 58
165 58 55
166 56 58
167 58 59
168 59 56
169 18 59
170 59 22
171 57 10
172 10 60
173 60 57
174 58 60
175 60 61
176 61 58
177 59 61
178 61 62
179 62 59
180 22 62
181 62 12
182 9 64
183 64 63
184 63 9
185 64 54
186 54 63
187 63 28
188 63 15
189 54 66
190 66 65
191 65 54
192 66 55
193 55 65
194 54 67
195 67 63
196 67 15
197 65 67
198 65 56
199 56 67
200 67 68
201 68 15
202 56 68
203 68 33
204 68 18
205 55 70
206 70 69
207 69 55
208 70 57
209 57 69
210 55 71
211 71 65
212 71 56
213 69 71
214 69 58
215 58 71
216 71 72
217 72 56
218 58 72
219 56 73
220 73 68
221 73 18
222 72 73
223 72 59
224 59 73
225 73 74
226 74 18
227 59 74
228 74 40
229 74 22
230 57 76
231 76 75
232 75 57
233 76 10
234 10 75
235 10 77
236 77 75
237 77 60
238 60 75
239 57 78
240 78 69
241 78 58
242 75 78
243 60 78
244 78 79
245 79 58
246 60 79
247 60 80
248 80 79
249 80 61
250 61 79
251 58 81
252 81 72
253 81 59
254 79 81
255 61 81
256 81 82
257 82 59
258 61 82
259 61 83
260 83 82
261 83 62
262 62 82
263 59 84
264 84 74
265 84 22
266 82 84
267 62 84
268 84 85
269 85 22
270 62 85
271 62 86
272 86 85
273 86 12
274 12 85
275 85 53
276 54 87
277 87 9
278 55 88
279 88 54
280 87 88
281 88 89
282 89 87
283 57 90
284 90 55
285 88 90
286 90 91
287 91 88
288 89 91
289 91 92
290 92 89
291 10 93
292 93 57
293 90 93
294 93 94
295 94 90
296 91 94
297 94 95
298 95 91
299 92 95
300 95 13
301 13 92
302 64 96
303 96 9
304 54 96
305 96 97
306 97 9
307 96 87
308 87 97
309 66 98
310 98 54
311 55 98
312 54 99
313 99 96
314 99 87
315 98 99
316 98 88
317 88 99
318 99 100
319 100 87
320 88 100
321 100 101
322 101 87
323 100 89
324 89 101
325 70 102
326 102 55
327 57 102
328 55 103
329 103 98
330 103 88
331 102 103
332 102 90
333 90 103
334 103 104
335 104 88
336 90 104
337 88 105
338 105 100
339 105 89
340 104 105
341 104 91
342 91 105
343 105 106
344 106 89
345 91 106
346 106 107
347 107 89
348 106 92
349 92 107
350 76 108
351 108 57
352 10 108
353 10 109
354 109 108
355 109 93
356 93 108
357 57 110
358 110 102
359 110 90
360 108 110
361 93 110
362 110 111
363 111 90
364 93 111
365 93 112
366 112 111
367 112 94
368 94 111
369 90 113
370 113 104
371 113 91
372 111 113
373 94 113
374 113 114
375 114 91
376 94 114
377 94 115
378 115 114
379 115 95
380 95 114
381 91 116
382 116 106
383 116 92
384 114 116
385 95 116
386 116 117
387 117 92
388 95 117
389 95 118
390 118 117
391 118 13
392 13 117
393 117 119
394 119 92
395 13 119
396 14 87
397 16 120
398 120 14
399 87 120
400 120 89
401 19 121
402 121 16
403 120 121
404 121 122
405 122 120
406 89 122
407 122 92
408 11 123
409 123 19
410 121 123
411 123 124
412 124 121
413 122 124
414 124 125
415 125 122
416 92 125
417 125 13
418 27 126
419 126 9
420 14 126
421 126 97
422 126 87
423 30 127
424 127 14
425 16 127
426 14 128
427 128 126
428 128 87
429 127 128
430 127 120
431 120 128
432 128 129
433 129 87
434 120 129
435 129 101
436 129 89
437 35 130
438 130 16
439 19 130
440 16 131
441 131 127
442 131 120
443 130 131
444 130 121
445 121 131
446 131 132
447 132 120
448 121 132
449 120 133
450 133 129
451 133 89
452 132 133
453 132 122
454 122 133
455 133 134
456 134 89
457 122 134
458 134 107
459 134 92
460 42 135
461 135 19
462 11 135
463 11 136
464 136 135
465 136 123
466 123 135
467 19 137
468 137 130
469 137 121
470 135 137
471 123 137
472 137 138
473 138 121
474 123 138
475 123 139
476 139 138
477 139 124
478 124 138
479 121 140
480 140 132
481 140 122
482 138 140
483 124 140
484 140 141
485 141 122
486 124 141
487 124 142
488 142 141
489 142 125
490 125 141
491 122 143
492 143 134
493 143 92
494 141 143
495 125 143
496 143 144
497 144 92
498 125 144
499 125 145
500 145 144
501 145 13
502 13 144
503 144 119
504 8 146
505 146 147
506 147 8
507 146 148
508 148 149
509 149 146
510 147 149
511 149 150
512 150 147
513 148 151
514 151 152
515 152 148
516 149 152
517 152 153
518 153 149
519 150 153
520 153 154
521 154 150
522 151 11
523 23 151
524 152 23
525 24 152
526 153 24
527 25 153
528 154 25
529 12 154
530 8 156
531 156 155
532 155 8
533 156 146
534 146 155
535 155 157
536 157 8
537 155 147
538 147 157
539 146 159
540 159 158
541 158 146
542 159 148
543 148 158
544 146 160
545 160 155
546 160 147
547 158 160
548 158 149
549 149 160
550 160 161
551 161 147
552 149 161
553 161 162
554 162 147
555 161 150
556 150 162
557 148 164
558 164 163
559 163 148
560 164 151
561 151 163
562 148 165
563 165 158
564 165 149
565 163 165
566 163 152
567 152 165
568 165 166
569 166 149
570 152 166
571 149 167
572 167 161
573 167 150
574 166 167
575 166 153
576 153 167
577 167 168
578 168 150
579 153 168
580 168 169
581 169 150
582 168 154
583 154 169
584 151 171
585 171 170
586 170 151
587 171 11
588 11 170
589 43 170
590 23 170
591 151 172
592 172 163
593 172 152
594 170 172
595 23 172
596 172 173
597 173 152
598 23 173
599 46 173
600 24 173
601 152 174
602 174 166
603 174 153
604 173 174
605 24 174
606 174 175
607 175 153
608 24 175
609 49 175
610 25 175
611 153 176
612 176 168
613 176 154
614 175 176
615 25 176
616 176 177
617 177 154
618 25 177
619 52 177
620 12 177
621 177 178
622 178 154
623 12 178
624 8 179
625 179 147
626 179 180
627 180 181
628 181 179
629 147 181
630 181 150
631 180 182
632 182 183
633 183 180
634 181 183
635 183 184
636 184 181
637 150 184
638 184 154
639 182 10
640 60 182
641 183 60
642 61 183
643 184 61
644 62 184
645 154 62
646 8 186
647 186 185
648 185 8
649 186 179
650 179 185
651 185 157
652 185 147
653 179 188
654 188 187
655 187 179
656 188 180
657 180 187
658 179 189
659 189 185
660 189 147
661 187 189
662 187 181
663 181 189
664 189 190
665 190 147
666 181 190
667 190 162
668 190 150
669 180 192
670 192 191
671 191 180
672 192 182
673 182 191
674 180 193
675 193 187
676 193 181
677 191 193
678 191 183
679 183 193
680 193 194
681 194 181
682 183 194
683 181 195
684 195 190
685 195 150
686 194 195
687 194 184
688 184 195
689 195 196
690 196 150
691 184 196
692 196 169
693 196 154
694 182 198
695 198 197
696 197 182
697 198 10
698 10 197
699 77 197
700 60 197
701 182 199
702 199 191
703 199 183
704 197 199
705 60 199
706 199 200
707 200 183
708 60 200
709 80 200
710 61 200
711 183 201
712 201 194
713 201 184
714 200 201
715 61 201
716 201 202
717 202 184
718 61 202
719 83 202
720 62 202
721 184 203
722 203 196
723 203 154
724 202 203
725 62 203
726 203 204
727 204 154
728 62 204
729 86 204
730 12 204
731 204 178
732 179 205
733 205 8
734 180 206
735 206 179
736 205 206
737 206 207
738 207 205
739 182 208
740 208 180
741 206 208
742 208 209
743 209 206
744 207 209
745 209 210
746 210 207
747 93 182
748 208 93
749 94 208
750 209 94
751 95 209
752 210 95
753 13 210
754 186 211
755 211 8
756 179 211
757 211 212
758 212 8
759 211 205
760 205 212
761 188 213
762 213 179
763 180 213
764 179 214
765 214 211
766 214 205
767 213 214
768 213 206
769 206 214
770 214 215
771 215 205
772 206 215
773 215 216
774 216 205
775 215 207
776 207 216
777 192 217
778 217 180
779 182 217
780 180 218
781 218 213
782 218 206
783 217 218
784 217 208
785 208 218
786 218 219
787 219 206
788 208 219
789 206 220
790 220 215
791 220 207
792 219 220
793 219 209
794 209 220
795 220 221
796 221 207
797 209 221
798 221 222
799 222 207
800 221 210
801 210 222
802 198 223
803 223 182
804 10 223
805 109 223
806 93 223
807 182 224
808 224 217
809 224 208
810 223 224
811 93 224
812 224 225
813 225 208
814 93 225
815 112 225
816 94 225
817 208 226
818 226 219
819 226 209
820 225 226
821 94 226
822 226 227
823 227 209
824 94 227
825 115 227
826 95 227
827 209 228
828 228 221
829 228 210
830 227 228
831 95 228
832 228 229
833 229 210
834 95 229
835 118 229
836 13 229
837 229 230
838 230 210
839 13 230
840 146 205
841 148 231
842 231 146
843 205 231
844 231 207
845 151 232
846 232 148
847 231 232
848 232 233
849 233 231
850 207 233
851 233 210
852 123 151
853 232 123
854 124 232
855 233 124
856 125 233
857 210 125
858 156 234
859 234 8
860 146 234
861 234 212
862 234 205
863 159 235
864 235 146
865 148 235
866 146 236
867 236 234
868 236 205
869 235 236
870 235 231
871 231 236
872 236 237
873 237 205
874 231 237
875 237 216
876 237 207
877 164 238
878 238 148
879 151 238
880 148 239
881 239 235
882 239 231
883 238 239
884 238 232
885 232 239
886 239 240
887 240 231
888 232 240
889 231 241
890 241 237
891 241 207
892 240 241
893 240 233
894 233 241
895 241 242
896 242 207
897 233 242
898 242 222
899 242 210
900 171 243
901 243 151
902 11 243
903 136 243
904 123 243
905 151 244
906 244 238
907 244 232
908 243 244
909 123 244
910 244 245
911 245 232
912 123 245
913 139 245
914 124 245
915 232 246
916 246 240
917 246 233
918 245 246
919 124 246
920 246 247
921 247 233
922 124 247
923 142 247
924 125 247
925 233 248
926 248 242
927 248 210
928 247 248
929 125 248
930 248 249
931 249 210
932 125 249
933 145 249
934 13 249
935 249 230
936 724 725
937 725 726
938 726 727
939 727 729
940 729 728
941 728 724
942 720 721
943 721 724
944 725 723
945 723 722
946 722 720
947 716 717
948 717 718
949 718 719
950 719 723
951 722 716
952 712 713
953 713 716
954 717 715
955 715 714
956 714 712
957 708 709
958 709 710
959 710 711
960 711 715
961 714 708
962 704 705
963 705 708
964 709 707
965 707 706
966 706 704
967 700 701
968 701 702
969 702 703
970 703 707
971 706 700
972 696 697
973 697 720
974 721 699
975 699 698
976 698 696
977 695 697
978 713 695
979 692 693
980 693 696
981 695 694
982 694 692
983 690 691
984 691 712
985 694 690
986 689 691
987 705 689
988 686 687
989 687 690
990 689 688
991 688 686
992 684 685
993 685 704
994 688 684
995 680 681
996 681 692
997 693 683
998 683 682
999 682 680
1000 679 681
1001 687 679
1002 676 677
1003 677 680
1004 679 678
1005 678 676
1006 674 675
1007 675 686
1008 678 674
1009 670 671
1010 671 676
1011 677 673
1012 673 672
1013 672 670
1014 668 669
1015 669 729
1016 728 668
1017 664 665
1018 665 666
1019 666 667
1020 667 669
1021 668 664
1022 660 661
1023 661 664
1024 665 663
1025 663 662
1026 662 660
1027 656 657
1028 657 658
1029 658 659
1030 659 663
1031 662 656
1032 652 653
1033 653 656
1034 657 655
1035 655 654
1036 654 652
1037 648 649
1038 649 650
1039 650 651
1040 651 655
1041 654 648
1042 644 645
1043 645 648
1044 649 647
1045 647 646
1046 646 644
1047 640 641
1048 641 642
1049 642 643
1050 643 647
1051 646 640
1052 639 661
1053 699 639
1054 638 639
1055 698 638
1056 636 637
1057 637 660
1058 638 636
1059 635 637
1060 653 635
1061 632 633
1062 633 636
1063 635 634
1064 634 632
1065 630 631
1066 631 652
1067 634 630
1068 629 631
1069 645 629
1070 626 627
1071 627 630
1072 629 628
1073 628 626
1074 624 625
1075 625 644
1076 628 624
1077 623 633
1078 683 623
1079 622 623
1080 682 622
1081 620 621
1082 621 632
1083 622 620
1084 619 621
1085 627 619
1086 616 617
1087 617 620
1088 619 618
1089 618 616
1090 614 615
1091 615 626
1092 618 614
1093 613 617
1094 673 613
1095 612 613
1096 672 612
1097 610 611
1098 611 616
1099 612 610
1100 604 605
1101 605 606
1102 606 607
1103 607 609
1104 609 608
1105 608 604
1106 600 601
1107 601 604
1108 605 603
1109 603 602
1110 602 600
1111 596 597
1112 597 598
1113 598 599
1114 599 603
1115 602 596
1116 592 593
1117 593 596
1118 597 595
1119 595 594
1120 594 592
1121 588 589
1122 589 590
1123 590 591
1124 591 595
1125 594 588
1126 584 585
1127 585 588
1128 589 587
1129 587 586
1130 586 584
1131 580 581
1132 581 582
1133 582 583
1134 583 587
1135 586 580
1136 581 641
1137 640 580
1138 576 577
1139 577 600
1140 601 579
1141 579 578
1142 578 576
1143 575 577
1144 593 575
1145 572 573
1146 573 576
1147 575 574
1148 574 572
1149 570 571
1150 571 592
1151 574 570
1152 569 571
1153 585 569
1154 566 567
1155 567 570
1156 569 568
1157 568 566
1158 565 584
1159 625 565
1160 564 565
1161 568 564
1162 624 564
1163 560 561
1164 561 572
1165 573 563
1166 563 562
1167 562 560
1168 559 561
1169 567 559
1170 556 557
1171 557 560
1172 559 558
1173 558 556
1174 555 566
1175 615 555
1176 554 555
1177 558 554
1178 614 554
1179 551 556
1180 611 551
1181 550 551
1182 557 553
1183 553 552
1184 552 550
1185 610 550
1186 548 549
1187 549 609
1188 608 548
1189 544 545
1190 545 546
1191 546 547
1192 547 549
1193 548 544
1194 540 541
1195 541 544
1196 545 543
1197 543 542
1198 542 540
1199 536 537
1200 537 538
1201 538 539
1202 539 543
1203 542 536
1204 532 533
1205 533 536
1206 537 535
1207 535 534
1208 534 532
1209 528 529
1210 529 530
1211 530 531
1212 531 535
1213 534 528
1214 524 525
1215 525 528
1216 529 527
1217 527 526
1218 526 524
1219 520 521
1220 521 522
1221 522 523
1222 523 527
1223 526 520
1224 521 701
1225 700 520
1226 519 541
1227 579 519
1228 518 519
1229 578 518
1230 516 517
1231 517 540
1232 518 516
1233 515 517
1234 533 515
1235 512 513
1236 513 516
1237 515 514
1238 514 512
1239 510 511
1240 511 532
1241 514 510
1242 509 511
1243 525 509
1244 506 507
1245 507 510
1246 509 508
1247 508 506
1248 505 524
1249 685 505
1250 504 505
1251 508 504
1252 684 504
1253 503 513
1254 563 503
1255 502 503
1256 562 502
1257 500 501
1258 501 512
1259 502 500
1260 499 501
1261 507 499
1262 496 497
1263 497 500
1264 499 498
1265 498 496
1266 495 506
1267 675 495
1268 494 495
1269 498 494
1270 674 494
1271 493 497
1272 553 493
1273 492 493
1274 552 492
1275 491 496
1276 671 491
1277 490 491
1278 492 490
1279 670 490
1280 486 487
1281 487 727
1282 726 486
1283 484 485
1284 485 486
1285 487 489
1286 489 488
1287 488 484
1288 480 481
1289 481 484
1290 485 483
1291 483 482
1292 482 480
1293 479 483
1294 719 479
1295 478 479
1296 718 478
1297 476 477
1298 477 478
1299 482 476
1300 472 473
1301 473 476
1302 477 475
1303 475 474
1304 474 472
1305 471 475
1306 711 471
1307 470 471
1308 710 470
1309 468 469
1310 469 470
1311 474 468
1312 330 331
1313 331 352
1314 352 353
1315 353 335
1316 335 334
1317 334 330
1318 329 331
1319 352 354
1320 354 348
1321 348 345
1322 345 329
1323 325 344
1324 344 346
1325 346 340
1326 340 400
1327 400 406
1328 406 404
1329 404 385
1330 385 325
1331 324 325
1332 344 345
1333 329 328
1334 328 324
1335 319 321
1336 321 332
1337 332 334
1338 330 327
1339 327 319
1340 316 317
1341 317 320
1342 320 321
1343 319 318
1344 318 316
1345 315 326
1346 326 328
1347 324 384
1348 384 388
1349 388 386
1350 386 375
1351 375 315
1352 314 315
1353 326 327
1354 318 314
1355 375 374
1356 374 314
1357 311 316
1358 374 378
1359 378 376
1360 376 371
1361 371 311
1362 310 311
1363 317 313
1364 313 312
1365 312 310
1366 371 370
1367 370 310
1368 308 309
1369 309 369
1370 369 368
1371 368 308
1372 307 309
1373 369 367
1374 367 607
1375 547 307
1376 306 307
1377 546 306
1378 304 305
1379 305 306
1380 308 304
1381 300 301
1382 301 304
1383 305 303
1384 303 302
1385 302 300
1386 299 303
1387 539 299
1388 298 299
1389 538 298
1390 296 297
1391 297 298
1392 302 296
1393 292 293
1394 293 296
1395 297 295
1396 295 294
1397 294 292
1398 291 295
1399 531 291
1400 290 291
1401 530 290
1402 288 289
1403 289 290
1404 294 288
1405 284 285
1406 285 288
1407 289 287
1408 287 286
1409 286 284
1410 283 287
1411 523 283
1412 262 263
1413 263 323
1414 323 322
1415 322 262
1416 260 261
1417 261 272
1418 272 273
1419 273 263
1420 262 260
1421 256 257
1422 257 260
1423 261 259
1424 259 258
1425 258 256
1426 255 266
1427 266 268
1428 268 264
1429 264 444
1430 444 448
1431 448 446
1432 446 435
1433 435 255
1434 254 255
1435 266 267
1436 267 259
1437 258 254
1438 272 274
1439 274 270
1440 270 267
1441 435 434
1442 434 254
1443 253 257
1444 322 320
1445 313 253
1446 252 253
1447 312 252
1448 250 251
1449 251 256
1450 252 250
1451 332 333
1452 333 336
1453 336 337
1454 337 335
1455 434 438
1456 438 436
1457 436 431
1458 431 251
1459 282 283
1460 522 282
1461 431 430
1462 430 250
1463 333 323
1464 370 372
1465 372 432
1466 432 430
1467 462 463
1468 463 703
1469 702 462
1470 273 276
1471 276 277
1472 277 275
1473 275 274
1474 276 278
1475 278 338
1476 338 336
1477 264 265
1478 265 445
1479 445 444
1480 265 284
1481 285 269
1482 269 268
1483 286 280
1484 280 460
1485 460 466
1486 466 464
1487 464 445
1488 270 271
1489 271 269
1490 271 292
1491 293 275
1492 277 300
1493 301 279
1494 279 278
1495 279 339
1496 339 338
1497 385 384
1498 281 282
1499 462 461
1500 461 281
1501 368 364
1502 364 361
1503 361 339
1504 280 281
1505 461 460
1506 337 360
1507 360 362
1508 362 356
1509 356 353
1510 360 361
1511 340 341
1512 341 401
1513 401 400
1514 341 342
1515 342 343
1516 343 347
1517 347 346
1518 342 582
1519 642 402
1520 402 401
1521 464 465
1522 465 468
1523 469 467
1524 467 466
1525 343 583
1526 347 349
1527 349 350
1528 350 590
1529 348 349
1530 350 351
1531 351 355
1532 355 354
1533 351 591
1534 355 357
1535 357 358
1536 358 598
1537 356 357
1538 358 359
1539 359 363
1540 363 362
1541 359 599
1542 363 365
1543 365 366
1544 366 606
1545 364 365
1546 366 367
1547 376 377
1548 377 373
1549 373 372
1550 373 433
1551 433 432
1552 377 380
1553 380 382
1554 382 442
1555 442 440
1556 440 437
1557 437 433
1558 386 387
1559 387 379
1560 379 378
1561 380 381
1562 381 379
1563 381 392
1564 392 394
1565 394 390
1566 390 387
1567 392 393
1568 393 383
1569 383 382
1570 383 443
1571 443 442
1572 393 396
1573 396 398
1574 398 458
1575 458 456
1576 456 453
1577 453 443
1578 404 405
1579 405 389
1580 389 388
1581 390 391
1582 391 389
1583 391 412
1584 412 414
1585 414 408
1586 408 405
1587 412 413
1588 413 395
1589 395 394
1590 396 397
1591 397 395
1592 397 420
1593 420 422
1594 422 416
1595 416 413
1596 420 421
1597 421 399
1598 399 398
1599 399 459
1600 459 458
1601 421 424
1602 424 428
1603 428 488
1604 481 459
1605 402 403
1606 403 407
1607 407 406
1608 403 643
1609 407 409
1610 409 410
1611 410 650
1612 408 409
1613 410 411
1614 411 415
1615 415 414
1616 411 651
1617 415 417
1618 417 418
1619 418 658
1620 416 417
1621 418 419
1622 419 423
1623 423 422
1624 419 659
1625 423 425
1626 425 426
1627 426 666
1628 424 425
1629 426 427
1630 427 429
1631 429 428
1632 427 667
1633 429 489
1634 436 437
1635 446 447
1636 447 439
1637 439 438
1638 440 441
1639 441 439
1640 441 452
1641 452 454
1642 454 450
1643 450 447
1644 452 453
1645 465 449
1646 449 448
1647 450 451
1648 451 449
1649 451 472
1650 473 455
1651 455 454
1652 456 457
1653 457 455
1654 457 480
1655 463 467
